site,MLE,Lower,Upper
1,0,0,1.08263406823
2,4.69327738736,1.20649542478,11.7350299225
3,4.15786949726,2.05576420991,7.45779538809
4,0,0,18.6673316164
5,0,0,2.19008301104
6,4.19421709888,0.238292131041,18.7851524125
7,0,0,2.19008301104
8,13.1262750083,4.62774242339,29.2178190704
9,0,0,8.10652281413
10,0,0,8.10652281413
11,8.19429226987,0.465768854043,36.6196201105
12,0,0,2.49365985757
13,37.5606547167,18.9749763764,66.4595299746
14,2.06461127377,0.340667073791,6.49655312314
15,2.35099806974,0.38897647527,7.36073681882
16,0,0,2.19008301104
17,0,0,7.20027254103
18,1.29044651181,0.0737197320889,5.72297771183
19,9.13787161929,2.25355826694,24.2359946558
20,0,0,1.80704464745
21,1.37061500051,0.33999059335,3.57408114799
22,0,0,0.525521689313
23,0,0,0.525521689313
24,0,0,1.97569830574
25,0,0,0.878398742775
26,0.588823836128,0.0335421420341,2.60822766747
27,1.60605087347,0.574450360789,3.47098148052
28,0,0,0.878389091771
29,0,0,1.97568732159
30,1.48951705826,0.459802846212,3.49978303591
31,1.61445718226,0.399641464675,4.232406829
32,0.534884411641,0.0304694071336,2.37232365
33,0.516547093198,0.0294486827395,2.284364254
34,0.275387933112,0.0157033782422,1.21702058384
35,0.587888849324,0.0335123898177,2.60843240983
36,0,0,0.984022877739
37,0.559112089645,0.0928011082771,1.73466042366
38,0,0,2.21647748988
39,0,0,1.05695804611
40,0,0,2.16387388802
41,0,0,1.51299527216
42,0,0,0.592732245989
43,0,0,1.2410300375
44,1.30029951966,0.215966647513,4.0278591966
45,0,0,2.16387388802
46,0,0,0.733848311982
47,0,0,1.92882190965
48,0,0,0.960668404963
49,0,0,4.55503814761
50,0,0,1.92882190965
51,0,0,0.592732245989
52,0,0,0.857541163912
53,0,0,1.10264650842
54,1.12437296654,0.186361342384,3.50124956776
55,0.648254120912,0.0369770137115,2.86130016898
56,0,0,0.662152419108
57,1.89964475797,0.471224644976,4.9530567558
58,0,0,1.92882190965
59,0,0,0.669489152044
60,0,0,0.669489152044
61,0,0,0.662152419108
62,2.93147448898,1.04390674253,6.38463180942
63,0,0,2.16387388802
64,0,0,0.771473579093
65,0.345409941606,0.0196785379573,1.53322467117
66,0,0,0.960668404963
67,0,0,0.836449610376
68,2.82682430524,1.28748968051,5.29196392276
69,2.62802917329,1.12009938487,5.15584640094
70,0,0,2.16387388802
71,0.576767959677,0.0328424158868,2.5533614353
72,0.509357645865,0.0290383135809,2.25268645949
73,0.348608495898,0.0198615779177,1.54535679549
74,1.78160030246,0.441212447312,4.66234862977
75,0,0,0.733848311982
76,0,0,1.92882190965
77,0.307882207117,0.0175605540778,1.35939625741
78,1.10263910155,0.18318360556,3.41244183463
79,1.77569841201,0.631788197947,3.87405487944
80,0,0,2.16387388802
81,0,0,0.733848311982
82,0,0,1.92882190965
83,0,0,0.960668404963
84,0.373109530387,0.0212760525685,1.64875798817
85,1.00952207525,0.0575894914467,4.45416046652
86,0.679011960323,0.0387057045644,3.00422221764
87,0,0,0.960668404963
88,0,0,0.771473579093
89,0,0,1.92882190965
90,0,0,1.10264650842
91,0,0,0.733848311982
92,0,0,0.662152419108
93,0.574470518393,0.0327328927268,2.54722661431
94,0,0,1.92882190965
95,0,0,0.733848311982
96,0,0,4.55503814761
97,0,0,1.2410300375
98,0.683744001787,0.0389869289652,3.02209122763
99,2.06800338367,0.513072904699,5.39098628791
100,0,0,1.92882190965
101,0,0,0.669489152044
102,0,0,1.30695883227
103,0,0,0.719403865682
104,0,0,0.662152419108
105,0,0,1.10264650842
106,0,0,0.979217107162
107,0,0,0.771473579093
108,0,0,0.669489152044
109,1.0163480943,0.0579828544208,4.48323886815
110,0,0,0.592732245989
111,0,0,0.513049064438
112,0.577850412899,0.0329293959093,2.55959341373
113,0.577850412899,0.0329293959093,2.55959341373
114,0,0,2.16387388802
115,0.352245319532,0.0200687310724,1.56149680365
116,0.581670284204,0.033145390025,2.57706860849
117,2.46495956437,0.775405188845,5.67762297973
118,0,0,1.05695804611
119,2.58463807014,1.02115471214,5.29329214636
120,0.623143286897,0.103472982203,1.93116731032
121,0,0,0.669489152044
122,0,0,1.92882190965
123,11.0148550337,6.83552448758,16.736508374
124,0,0,2.16387388802
125,0.538954716815,0.030713427966,2.38720719064
126,0.574953009759,0.0327886832114,2.54925601085
127,1.63548909805,0.506250423602,3.82147496481
128,0.349233344441,0.0198972058053,1.54815879536
129,0,0,1.92882190965
130,0,0,1.30695883227
131,5.06750513022,2.29167478619,9.60032401025
132,0,0,0.733848311982
133,0,0,0.592732245989
134,0.348700936451,0.0198669368806,1.5457397799
135,0,0,0.592732245989
136,0.571429330857,0.0947951305375,1.77119710007
137,0,0,1.30695883227
138,0,0,0.719403865682
139,0,0,0.592732245989
140,0,0,1.92882190965
141,0.680710961446,0.0388147441921,3.00839881984
142,0,0,0.979217107162
143,0,0,0.979217107162
144,0,0,1.92882190965
145,0,0,0.669489152044
146,0.499956448664,0.0285006811425,2.21161940648
147,0,0,0.771473579093
148,0,0,0.771473579093
149,1.46729592456,0.45326853711,3.44531390517
150,1.86508653562,0.462403812612,4.86918191044
151,1.78396265026,0.441769601333,4.6728676032
152,2.53187211659,1.07760380947,4.97864073428
153,0,0,2.16387388802
154,0.401880107316,0.0229232855066,1.77400284999
155,3.80356954357,1.72685016207,7.15752152678
156,2.90720895748,1.31656363766,5.49547779499
157,2.49723037334,0.89153854209,5.41154452593
158,1.57058326417,0.388161384664,4.13543400068
159,8.47610668053,2.60731601436,20.0029090358
160,0.543878980571,0.0309953678159,2.40859431136
161,0,0,2.16387388802
162,0.696305631867,0.115386410916,2.17257448205
163,0,0,2.16387388802
164,0,0,0.960668404963
165,1.2725843657,0.316274980797,3.31599353451
166,0.575859962139,0.0328081325597,2.55076133835
167,0,0,1.92882190965
168,0,0,0.662152419108
169,5.44248637572,2.89320113211,9.23124520984
170,1.92149617308,0.699557901129,4.08055969768
171,0,0,0.586085800665
172,2.84483048661,1.01391913545,6.18594209685
173,0.804270042139,0.133677809464,2.49343029214
174,1.05577859944,0.175035963706,3.28569529371
175,0,0,2.16387388802
176,2.93829235732,1.04722626701,6.38940353656
177,0.680723451502,0.0388154544396,3.00845462299
178,2.6440714473,0.13552583835,10000
179,13.3375456882,0.452364954068,10000
180,5850.42857143,1.99530681443,10000
181,7.46431067381,0.355676270301,10000
182,128.668214469,0.61199510542,10000
183,2.22596782148,0.549334005499,5.87934139081
184,10.5148178411,4.7775328089,20.4834100304
185,7.53338852508,3.18538141537,15.1510561485
186,13.3024171905,5.24942188998,28.3741140769
187,12.4275555887,5.97063037244,23.9900495547
188,13.4841171957,5.40695702743,30.4563336039
189,4.87991110163,1.6856253851,11.4443773645
190,12.4603636988,4.55828081435,27.2025053604
191,10.7392174661,3.67182464383,26.0680142308
192,33.4135781984,2.75532802533,633.408774676
193,0,0,10000
194,0,0,10000
195,0,0,10000
196,0,0,19.2444998512
197,0,0,10000
198,0,0,10000
199,0,0,19.2444998512
200,4.92881061362,1.19324345269,13.6825288878
201,11.5293427396,3.66160747256,32.1260285425
202,29.5564681039,8.8781193945,84.0193440363
203,4.05323372083,0.644784278595,14.6386338956
204,16.6979945328,3.5134408775,61.6895962946
205,35.3502331092,6.63360575015,10000
206,11.5712943113,1.58734834655,10000
207,13.8720294801,1.85682074085,10000
208,66.3028137365,6.06873653516,10000
209,0,0,10000
210,0,0,10000
211,0,0,10000